    20.000      5.93611E-04
    20.050      6.46984E-04
    20.100      7.04307E-04
    20.150      7.65797E-04
    20.200      8.31684E-04
    20.250      9.02199E-04
    20.300      9.85534E-04
    20.350      1.07683E-03
    20.400      1.17500E-03
    20.450      1.28042E-03
    20.500      1.39348E-03
    20.550      1.51460E-03
    20.600      1.64144E-03
    20.650      1.76943E-03
    20.700      1.90539E-03
    20.750      2.04966E-03
    20.800      2.20260E-03
    20.850      2.36458E-03
    20.900      2.53594E-03
    20.950      2.71471E-03
    21.000      2.90188E-03
    21.050      3.09910E-03
    21.100      3.30679E-03
    21.150      3.52529E-03
    21.200      3.75500E-03
    21.250      3.99625E-03
    21.300      4.21130E-03
    21.350      4.42865E-03
    21.400      4.65450E-03
    21.450      4.88909E-03
    21.500      5.13261E-03
    21.550      5.38525E-03
    21.600      5.64726E-03
    21.650      5.91879E-03
    21.700      6.20007E-03
    21.750      6.49130E-03
    21.800      6.79268E-03
    21.850      7.10444E-03
    21.900      7.42674E-03
    21.950      7.75984E-03
    22.000      8.13479E-03
    22.050      8.52324E-03
    22.100      8.92531E-03
    22.150      9.34118E-03
    22.200      9.77119E-03
    22.250      1.02155E-02
    22.300      1.06744E-02
    22.350      1.11661E-02
    22.400      1.16763E-02
    22.450      1.22032E-02
    22.500      1.27470E-02
    22.550      1.33081E-02
    22.600      1.38866E-02
    22.650      1.44829E-02
    22.700      1.52440E-02
    22.750      1.61061E-02
    22.800      1.70026E-02
    22.850      1.79343E-02
    22.900      1.89016E-02
    22.950      1.99052E-02
    23.000      2.09456E-02
    23.050      2.20368E-02
    23.100      2.31930E-02
    23.150      2.43903E-02
    23.200      2.56297E-02
    23.250      2.69112E-02
    23.300      2.82356E-02
    23.350      2.96035E-02
    23.400      3.10148E-02
    23.450      3.19615E-02
    23.500      3.28652E-02
    23.550      3.37849E-02
    23.600      3.47206E-02
    23.650      3.56722E-02
    23.700      3.66400E-02
    23.750      3.76237E-02
    23.800      3.86235E-02
    23.850      3.96394E-02
    23.900      4.06713E-02
    23.950      4.17194E-02
    24.000      4.27836E-02
    24.050      4.38638E-02
    24.100      4.49602E-02
    24.150      4.60727E-02
    24.200      4.72640E-02
    24.250      4.85108E-02
    24.300      4.97767E-02
    24.350      5.10618E-02
    24.400      5.23661E-02
    24.450      5.36895E-02
    24.500      5.50318E-02
    24.550      5.63932E-02
    24.600      5.80425E-02
    24.650      5.97829E-02
    24.700      6.15528E-02
    24.750      6.33523E-02
    24.800      6.51812E-02
    24.850      6.70395E-02
    24.900      6.89271E-02
    24.950      7.08436E-02
    25.000      7.28515E-02
    25.050      7.48996E-02
    25.100      7.69787E-02
    25.150      7.90882E-02
    25.200      8.12283E-02
    25.250      8.33982E-02
    25.300      8.55983E-02
    25.350      8.78279E-02
    25.400      9.01957E-02
    25.450      9.26247E-02
    25.500      9.50862E-02
    25.550      9.75799E-02
    25.600      0.10011    
    25.650      0.10266    
    25.700      0.10525    
    25.750      0.10787    
    25.800      0.11040    
    25.850      0.11287    
    25.900      0.11537    
    25.950      0.11789    
    26.000      0.12044    
    26.050      0.12301    
    26.100      0.12560    
    26.150      0.12822    
    26.200      0.13073    
    26.250      0.13289    
    26.300      0.13505    
    26.350      0.13724    
    26.400      0.13943    
    26.450      0.14164    
    26.500      0.14386    
    26.550      0.14609    
    26.600      0.14834    
    26.650      0.15060    
    26.700      0.15287    
    26.750      0.15516    
    26.800      0.15745    
    26.850      0.15976    
    26.900      0.16208    
    26.950      0.16440    
    27.000      0.16674    
    27.050      0.16911    
    27.100      0.17157    
    27.150      0.17404    
    27.200      0.17652    
    27.250      0.17901    
    27.300      0.18151    
    27.350      0.18402    
    27.400      0.18654    
    27.450      0.18907    
    27.500      0.19161    
    27.550      0.19416    
    27.600      0.19671    
    27.650      0.19928    
    27.700      0.20185    
    27.750      0.20442    
    27.800      0.20701    
    27.850      0.20960    
    27.900      0.21220    
    27.950      0.21510    
    28.000      0.21825    
    28.050      0.22142    
    28.100      0.22459    
    28.150      0.22778    
    28.200      0.23097    
    28.250      0.23417    
    28.300      0.23738    
    28.350      0.24059    
    28.400      0.24403    
    28.450      0.24769    
    28.500      0.25136    
    28.550      0.25504    
    28.600      0.25873    
    28.650      0.26242    
    28.700      0.26612    
    28.750      0.26982    
    28.800      0.27353    
    28.850      0.27706    
    28.900      0.28020    
    28.950      0.28333    
    29.000      0.28647    
    29.050      0.28961    
    29.100      0.29275    
    29.150      0.29590    
    29.200      0.29904    
    29.250      0.30218    
    29.300      0.30533    
    29.350      0.30709    
    29.400      0.30885    
    29.450      0.31061    
    29.500      0.31237    
    29.550      0.31413    
    29.600      0.31589    
    29.650      0.31764    
    29.700      0.31939    
    29.750      0.32114    
    29.800      0.32289    
    29.850      0.32464    
    29.900      0.32638    
    29.950      0.32813    
    30.000      0.32987    
    30.050      0.33161    
    30.100      0.33335    
    30.150      0.33508    
    30.200      0.33682    
    30.250      0.33855    
    30.300      0.34041    
    30.350      0.34229    
    30.400      0.34417    
    30.450      0.34605    
    30.500      0.34792    
    30.550      0.34979    
    30.600      0.35166    
    30.650      0.35352    
    30.700      0.35539    
    30.750      0.35726    
    30.800      0.35929    
    30.850      0.36131    
    30.900      0.36332    
    30.950      0.36534    
    31.000      0.36735    
    31.050      0.36936    
    31.100      0.37136    
    31.150      0.37336    
    31.200      0.37536    
    31.250      0.37736    
    31.300      0.37942    
    31.350      0.38146    
    31.400      0.38351    
    31.450      0.38555    
    31.500      0.38759    
    31.550      0.38962    
    31.600      0.39165    
    31.650      0.39367    
    31.700      0.39569    
    31.750      0.39772    
    31.800      0.39996    
    31.850      0.40219    
    31.900      0.40442    
    31.950      0.40665    
    32.000      0.40887    
    32.050      0.41108    
    32.100      0.41329    
    32.150      0.41549    
    32.200      0.41769    
    32.250      0.41988    
    32.300      0.42195    
    32.350      0.42398    
    32.400      0.42600    
    32.450      0.42802    
    32.500      0.43004    
    32.550      0.43204    
    32.600      0.43405    
    32.650      0.43605    
    32.700      0.43804    
    32.750      0.44003    
    32.800      0.44169    
    32.850      0.44273    
    32.900      0.44376    
    32.950      0.44479    
    33.000      0.44582    
    33.050      0.44685    
    33.100      0.44788    
    33.150      0.44890    
    33.200      0.44992    
    33.250      0.45094    
    33.300      0.45196    
    33.350      0.45297    
    33.400      0.45399    
    33.450      0.45500    
    33.500      0.45601    
    33.550      0.45701    
    33.600      0.45802    
    33.650      0.45902    
    33.700      0.46002    
    33.750      0.46102    
    33.800      0.46202    
    33.850      0.46301    
    33.900      0.46400    
    33.950      0.46499    
    34.000      0.46598    
    34.050      0.46697    
    34.100      0.46795    
    34.150      0.46893    
    34.200      0.46991    
    34.250      0.47089    
    34.300      0.47186    
    34.350      0.47284    
    34.400      0.47380    
    34.450      0.47453    
    34.500      0.47526    
    34.550      0.47599    
    34.600      0.47672    
    34.650      0.47744    
    34.700      0.47816    
    34.750      0.47888    
    34.800      0.47960    
    34.850      0.48032    
    34.900      0.48104    
    34.950      0.48176    
    35.000      0.48245    
    35.050      0.48315    
    35.100      0.48384    
    35.150      0.48453    
    35.200      0.48522    
    35.250      0.48591    
    35.300      0.48660    
    35.350      0.48729    
    35.400      0.48797    
    35.450      0.48865    
    35.500      0.48934    
    35.550      0.49002    
    35.600      0.49070    
    35.650      0.49137    
    35.700      0.49205    
    35.750      0.49273    
    35.800      0.49340    
    35.850      0.49407    
    35.900      0.49475    
    35.950      0.49542    
    36.000      0.49609    
    36.050      0.49675    
    36.100      0.49740    
    36.150      0.49790    
    36.200      0.49840    
    36.250      0.49890    
    36.300      0.49940    
    36.350      0.49989    
    36.400      0.50039    
    36.450      0.50088    
    36.500      0.50137    
    36.550      0.50186    
    36.600      0.50236    
    36.650      0.50285    
    36.700      0.50331    
    36.750      0.50373    
    36.800      0.50416    
    36.850      0.50458    
    36.900      0.50500    
    36.950      0.50542    
    37.000      0.50584    
    37.050      0.50626    
    37.100      0.50668    
    37.150      0.50710    
    37.200      0.50752    
    37.250      0.50794    
    37.300      0.50835    
    37.350      0.50877    
    37.400      0.50918    
    37.450      0.50960    
    37.500      0.51001    
    37.550      0.51042    
    37.600      0.51083    
    37.650      0.51125    
    37.700      0.51166    
    37.750      0.51207    
    37.800      0.51247    
    37.850      0.51288    
    37.900      0.51329    
    37.950      0.51369    
    38.000      0.51408    
    38.050      0.51448    
    38.100      0.51488    
    38.150      0.51528    
    38.200      0.51567    
    38.250      0.51607    
    38.300      0.51646    
    38.350      0.51686    
    38.400      0.51725    
    38.450      0.51764    
    38.500      0.51802    
    38.550      0.51836    
    38.600      0.51870    
    38.650      0.51903    
    38.700      0.51937    
    38.750      0.51970    
    38.800      0.52004    
    38.850      0.52037    
    38.900      0.52071    
    38.950      0.52104    
    39.000      0.52138    
    39.050      0.52171    
    39.100      0.52204    
    39.150      0.52237    
    39.200      0.52270    
    39.250      0.52303    
    39.300      0.52336    
    39.350      0.52369    
    39.400      0.52402    
    39.450      0.52435    
    39.500      0.52468    
    39.550      0.52500    
    39.600      0.52533    
    39.650      0.52566    
    39.700      0.52598    
    39.750      0.52628    
    39.800      0.52640    
    39.850      0.52652    
    39.900      0.52663    
    39.950      0.52675    
    40.000      0.52687    
    40.050      0.52699    
    40.100      0.52711    
    40.150      0.52722    
    40.200      0.52734    
    40.250      0.52746    
    40.300      0.52758    
    40.350      0.52769    
    40.400      0.52775    
    40.450      0.52764    
    40.500      0.52753    
    40.550      0.52742    
    40.600      0.52732    
    40.650      0.52721    
    40.700      0.52710    
    40.750      0.52699    
    40.800      0.52689    
    40.850      0.52678    
    40.900      0.52667    
    40.950      0.52657    
    41.000      0.52646    
    41.050      0.52511    
    41.100      0.51916    
    41.150      0.51319    
    41.200      0.50719    
    41.250      0.50116    
    41.300      0.49511    
    41.350      0.48903    
    41.400      0.48293    
    41.450      0.47681    
    41.500      0.47066    
    41.550      0.46450    
    41.600      0.45833    
    41.650      0.45213    
    41.700      0.44592    
    41.750      0.42564    
    41.800      0.40428    
    41.850      0.38282    
    41.900      0.36134    
    41.950      0.33991    
    42.000      0.31861    
    42.050      0.29751    
    42.100      0.27669    
    42.150      0.25623    
    42.200      0.23623    
    42.250      0.21676    
    42.300      0.19789    
    42.350      0.17972    
    42.400      0.16356    
    42.450      0.14962    
    42.500      0.13628    
    42.550      0.12357    
    42.600      0.11152    
    42.650      0.10016    
    42.700      8.94927E-02
    42.750      7.95355E-02
    42.800      7.02890E-02
    42.850      6.17537E-02
    42.900      5.39228E-02
    42.950      4.67819E-02
    43.000      4.03147E-02
    43.050      3.44981E-02
    43.100      3.37591E-02
    43.150      3.46787E-02
    43.200      3.56143E-02
    43.250      3.65665E-02
    43.300      3.75351E-02
    43.350      3.85201E-02
    43.400      3.95220E-02
    43.450      4.05405E-02
    43.500      4.15755E-02
    43.550      4.26275E-02
    43.600      4.36961E-02
    43.650      4.47818E-02
    43.700      4.58840E-02
    43.750      4.70033E-02
    43.800      4.84664E-02
    43.850      5.00356E-02
    43.900      5.16371E-02
    43.950      5.32699E-02
    44.000      5.49346E-02
    44.050      5.66312E-02
    44.100      5.83591E-02
    44.150      6.01192E-02
    44.200      6.19113E-02
    44.250      6.37349E-02
    44.300      6.55900E-02
    44.350      6.74769E-02
    44.400      6.93959E-02
    44.450      7.13458E-02
    44.500      7.32047E-02
    44.550      7.50257E-02
    44.600      7.68715E-02
    44.650      7.87432E-02
    44.700      8.06398E-02
    44.750      8.25616E-02
    44.800      8.45085E-02
    44.850      8.64800E-02
    44.900      8.84766E-02
    44.950      9.04976E-02
    45.000      9.25429E-02
    45.050      9.46126E-02
    45.100      9.67060E-02
    45.150      9.88237E-02
    45.200      0.10086    
    45.250      0.10265    
    45.300      0.10446    
    45.350      0.10628    
    45.400      0.10811    
    45.450      0.10996    
    45.500      0.11183    
    45.550      0.11371    
    45.600      0.11561    
    45.650      0.11752    
    45.700      0.11944    
    45.750      0.12138    
    45.800      0.12334    
    45.850      0.12530    
    45.900      0.12729    
    45.950      0.12812    
    46.000      0.12832    
    46.050      0.12853    
    46.100      0.12874    
    46.150      0.12895    
    46.200      0.12915    
    46.250      0.12936    
    46.300      0.12957    
    46.350      0.12978    
    46.400      0.12999    
    46.450      0.13019    
    46.500      0.13040    
    46.550      0.13061    
    46.600      0.13081    
    46.650      0.13102    
    46.700      0.12925    
    46.750      0.12702    
    46.800      0.12480    
    46.850      0.12260    
    46.900      0.12043    
    46.950      0.11828    
    47.000      0.11616    
    47.050      0.11405    
    47.100      0.11197    
    47.150      0.10992    
    47.200      0.10788    
    47.250      0.10587    
    47.300      0.10388    
    47.350      0.10192    
    47.400      9.99759E-02
    47.450      9.81572E-02
    47.500      9.64007E-02
    47.550      9.46639E-02
    47.600      9.29472E-02
    47.650      9.12502E-02
    47.700      8.95737E-02
    47.750      8.79169E-02
    47.800      8.62796E-02
    47.850      8.46624E-02
    47.900      8.30649E-02
    47.950      8.14873E-02
    48.000      7.99296E-02
    48.050      7.83915E-02
    48.100      7.68732E-02
    48.150      7.53743E-02
    48.200      7.40274E-02
    48.250      7.29212E-02
    48.300      7.18266E-02
    48.350      7.07435E-02
    48.400      6.96713E-02
    48.450      6.86108E-02
    48.500      6.75612E-02
    48.550      6.65230E-02
    48.600      6.54960E-02
    48.650      6.44801E-02
    48.700      6.34755E-02
    48.750      6.24817E-02
    48.800      6.14989E-02
    48.850      6.05272E-02
    48.900      5.95663E-02
    48.950      5.86164E-02
    49.000      5.76899E-02
    49.050      5.67772E-02
    49.100      5.58751E-02
    49.150      5.49829E-02
    49.200      5.41015E-02
    49.250      5.32299E-02
    49.300      5.23686E-02
    49.350      5.15177E-02
    49.400      5.06765E-02
    49.450      4.98455E-02
    49.500      4.90244E-02
    49.550      4.82134E-02
    49.600      4.74121E-02
    49.650      4.66205E-02
    49.700      4.58387E-02
    49.750      4.50665E-02
    49.800      4.43269E-02
    49.850      4.35976E-02
    49.900      4.28772E-02
    49.950      4.21659E-02
    50.000      4.14631E-02
    50.050      4.07693E-02
    50.100      4.00841E-02
    50.150      3.94075E-02
    50.200      3.87395E-02
    50.250      3.80802E-02
    50.300      3.74291E-02
    50.350      3.67868E-02
    50.400      3.61525E-02
    50.450      3.55266E-02
    50.500      3.49091E-02
    50.550      3.42996E-02
    50.600      3.36981E-02
    50.650      3.31048E-02
    50.700      3.25193E-02
    50.750      3.19419E-02
    50.800      3.13722E-02
    50.850      3.08106E-02
    50.900      3.02565E-02
    50.950      2.97101E-02
    51.000      2.91714E-02
    51.050      2.86403E-02
    51.100      2.81166E-02
    51.150      2.76004E-02
    51.200      2.70915E-02
    51.250      2.65899E-02
    51.300      2.60956E-02
    51.350      2.56085E-02
    51.400      2.51039E-02
    51.450      2.45824E-02
    51.500      2.40694E-02
    51.550      2.35646E-02
    51.600      2.30682E-02
    51.650      2.25801E-02
    51.700      2.21000E-02
    51.750      2.16279E-02
    51.800      2.11637E-02
    51.850      2.07075E-02
    51.900      2.02590E-02
    51.950      1.98183E-02
    52.000      1.93850E-02
    52.050      1.89593E-02
    52.100      1.85410E-02
    52.150      1.81300E-02
    52.200      1.77264E-02
    52.250      1.73163E-02
    52.300      1.69118E-02
    52.350      1.65149E-02
    52.400      1.61254E-02
    52.450      1.57434E-02
    52.500      1.53685E-02
    52.550      1.50009E-02
    52.600      1.46404E-02
    52.650      1.42868E-02
    52.700      1.39400E-02
    52.750      1.36002E-02
    52.800      1.32670E-02
    52.850      1.29404E-02
    52.900      1.26204E-02
    52.950      1.23067E-02
    53.000      1.19996E-02
    53.050      1.16985E-02
    53.100      1.15137E-02
    53.150      1.13327E-02
    53.200      1.11541E-02
    53.250      1.09779E-02
    53.300      1.08039E-02
    53.350      1.06323E-02
    53.400      1.04630E-02
    53.450      1.02959E-02
    53.500      1.01311E-02
    53.550      9.96854E-03
    53.600      9.80817E-03
    53.650      9.64996E-03
    53.700      9.49390E-03
    53.750      9.33995E-03
    53.800      9.18818E-03
    53.850      9.03842E-03
    53.900      8.89078E-03
    53.950      8.74596E-03
    54.000      8.60329E-03
    54.050      8.46259E-03
    54.100      8.32388E-03
    54.150      8.18706E-03
    54.200      8.05217E-03
    54.250      7.91920E-03
    54.300      7.78807E-03
    54.350      7.65876E-03
    54.400      7.53134E-03
    54.450      7.40567E-03
    54.500      7.28184E-03
    54.550      7.15975E-03
    54.600      7.03940E-03
    54.650      6.92075E-03
    54.700      6.80384E-03
    54.750      6.68862E-03
    54.800      6.57575E-03
    54.850      6.46548E-03
    54.900      6.35688E-03
    54.950      6.24979E-03
    55.000      6.14420E-03
    55.050      6.04024E-03
    55.100      5.93773E-03
    55.150      5.83667E-03
    55.200      5.73717E-03
    55.250      5.63909E-03
    55.300      5.54247E-03
    55.350      5.44729E-03
    55.400      5.35349E-03
    55.450      5.26109E-03
    55.500      5.17008E-03
    55.550      5.08046E-03
    55.600      4.99214E-03
    55.650      4.90515E-03
    55.700      4.82027E-03
    55.750      4.73699E-03
    55.800      4.65498E-03
    55.850      4.57416E-03
    55.900      4.49463E-03
    55.950      4.41627E-03
    56.000      4.33910E-03
    56.050      4.26308E-03
    56.100      4.18823E-03
    56.150      4.11454E-03
    56.200      4.04195E-03
    56.250      3.97048E-03
    56.300      3.90013E-03
    56.350      3.83084E-03
    56.400      3.76264E-03
    56.450      3.69551E-03
    56.500      3.62940E-03
    56.550      3.56434E-03
    56.600      3.50032E-03
    56.650      3.43727E-03
    56.700      3.37524E-03
    56.750      3.31416E-03
    56.800      3.25406E-03
    56.850      3.19493E-03
    56.900      3.13671E-03
    56.950      3.07944E-03
    57.000      3.02311E-03
    57.050      2.96765E-03
    57.100      2.91310E-03
    57.150      2.85941E-03
    57.200      2.80660E-03
    57.250      2.75466E-03
    57.300      2.70355E-03
    57.350      2.65329E-03
    57.400      2.60382E-03
    57.450      2.55518E-03
    57.500      2.50491E-03
    57.550      2.45120E-03
    57.600      2.39853E-03
    57.650      2.34682E-03
    57.700      2.29611E-03
    57.750      2.24637E-03
    57.800      2.19756E-03
    57.850      2.14966E-03
    57.900      2.10272E-03
    57.950      2.05664E-03
    58.000      2.01149E-03
    58.050      1.96719E-03
    58.100      1.92374E-03
    58.150      1.88115E-03
    58.200      1.83940E-03
    58.250      1.79845E-03
    58.300      1.75829E-03
    58.350      1.71896E-03
    58.400      1.68037E-03
    58.450      1.64205E-03
    58.500      1.60431E-03
    58.550      1.56737E-03
    58.600      1.53116E-03
    58.650      1.49569E-03
    58.700      1.46095E-03
    58.750      1.42692E-03
    58.800      1.39360E-03
    58.850      1.36098E-03
    58.900      1.32903E-03
    58.950      1.29773E-03
    59.000      1.26709E-03
    59.050      1.23711E-03
    59.100      1.20774E-03
    59.150      1.17899E-03
    59.200      1.15086E-03
    59.250      1.12333E-03
    59.300      1.09638E-03
    59.350      1.06999E-03
    59.400      1.04419E-03
    59.450      1.01894E-03
    59.500      9.94240E-04
    59.550      9.70060E-04
    59.600      9.46414E-04
    59.650      9.23275E-04
    59.700      9.00649E-04
    59.750      8.78526E-04
    59.800      8.56868E-04
    59.850      8.35696E-04
    59.900      8.14998E-04
    59.950      7.94752E-04
    60.000      7.74966E-04